service_id,monday,tuesday,wednesday,thursday,friday,saturday,sunday,start_date,end_date,info
465819,0,0,0,0,1,1,0,20250901,20270201,""
465824,0,0,0,0,1,1,0,20250901,20270201,""
463666,0,0,0,0,1,1,0,20250813,20270201,""
466527,0,0,0,0,1,1,0,20250901,20270201,""
477176,0,0,0,0,1,1,0,20251208,20270201,""
477150,0,0,0,0,1,1,0,20251206,20270201,""
466529,0,0,0,0,1,1,0,20250901,20270201,""
466530,0,0,0,0,1,1,0,20250901,20270201,""
477032,0,0,0,0,1,1,0,20251205,20270201,""
476351,1,1,1,1,1,0,0,20251201,20270201,""
476352,0,0,0,0,0,1,1,20251201,20270201,""
481742,1,1,1,1,1,0,0,20260115,20270201,""
477837,0,0,0,0,0,1,1,20251213,20270201,""
474654,1,1,1,1,1,0,0,20251117,20270201,""
474655,1,1,1,1,1,0,0,20251117,20270201,""
465657,0,0,0,0,0,1,1,20250901,20270201,""
481869,1,1,1,1,1,0,0,20260119,20270201,""
477839,0,0,0,0,0,1,0,20251213,20270201,""
477840,0,0,0,0,0,0,1,20251213,20270201,""
474657,0,0,0,0,0,1,1,20251115,20270201,""
471596,1,1,1,1,1,0,0,20251020,20270201,""
484506,1,1,1,1,1,0,0,20260119,20270201,""
481404,0,0,0,0,0,1,1,20260112,20270201,""
480724,1,1,1,1,1,0,0,20260112,20270201,""
481076,0,0,0,0,0,1,1,20260112,20270201,""
474656,0,0,0,0,0,1,1,20251115,20270201,""
465648,1,1,1,1,1,0,0,20250901,20270201,""
465649,0,0,0,0,0,1,1,20250901,20270201,""
481741,1,1,1,1,1,0,0,20260115,20270201,""
465663,0,0,0,0,0,1,1,20250901,20270201,""
484509,1,1,1,1,1,0,0,20260119,20270201,""
465651,0,0,0,0,0,1,1,20250901,20270201,""
475419,0,0,0,0,0,1,1,20251122,20270201,""
475200,1,1,1,1,1,0,0,20251119,20270201,""
470795,1,1,1,1,1,0,0,20251013,20270201,""
470796,0,0,0,0,0,1,1,20251013,20270201,""
465966,1,1,1,1,1,0,0,20250901,20270201,""
465667,0,0,0,0,0,1,1,20250901,20270201,""
471448,1,1,1,1,1,0,0,20251020,20270201,""
465967,0,0,0,0,0,1,1,20250901,20270201,""
481865,1,1,1,1,1,0,0,20260119,20270201,""
477179,0,0,0,0,0,1,1,20251208,20270201,""
476331,1,1,1,1,1,0,0,20251201,20270201,""
476332,0,0,0,0,0,1,1,20251201,20270201,""
479932,1,1,1,1,1,0,0,20260105,20270201,""
465675,0,0,0,0,0,1,1,20250901,20270201,""
479933,1,1,1,1,1,0,0,20260105,20270201,""
476353,0,0,0,0,0,1,1,20251201,20270201,""
473781,1,1,1,1,1,0,0,20251110,20270201,""
465678,1,1,1,1,1,0,0,20250901,20270201,""
465679,0,0,0,0,0,1,1,20250901,20270201,""
473777,0,0,0,0,0,1,1,20251108,20270201,""
471599,1,1,1,1,1,0,0,20251020,20270201,""
465683,0,0,0,0,0,1,1,20250901,20270201,""
470006,1,1,1,1,1,0,0,20251006,20270201,""
470007,0,0,0,0,0,1,1,20251006,20270201,""
484833,1,1,1,1,1,0,0,20260217,20270201,""
465687,0,0,0,0,0,1,1,20250901,20270201,""
481623,1,1,1,1,1,0,0,20260115,20270201,""
465689,0,0,0,0,0,1,1,20250901,20270201,""
476334,1,1,1,1,1,0,0,20251201,20270201,""
471939,0,0,0,0,0,1,1,20251025,20270201,""
465692,1,1,1,1,1,0,0,20250901,20270201,""
465693,0,0,0,0,0,1,1,20250901,20270201,""
481619,1,1,1,1,1,0,0,20260115,20270201,""
465695,0,0,0,0,0,1,1,20250901,20270201,""
471452,1,1,1,1,1,0,0,20251020,20270201,""
465697,0,0,0,0,0,1,1,20250901,20270201,""
465961,1,1,1,1,1,0,0,20250901,20270201,""
465699,0,0,0,0,0,1,1,20250901,20270201,""
473778,0,0,0,0,0,1,1,20251108,20270201,""
465700,1,1,1,1,1,0,0,20250901,20270201,""
471453,1,1,1,1,1,0,0,20251020,20270201,""
465703,0,0,0,0,0,1,1,20250901,20270201,""
477031,1,1,1,1,1,0,0,20251208,20270201,""
476336,0,0,0,0,0,1,1,20251201,20270201,""
473653,1,1,1,1,1,0,0,20251105,20270201,""
465707,0,0,0,0,0,1,1,20250901,20270201,""
483287,1,1,1,1,1,0,0,20260202,20270201,""
475545,0,0,0,0,0,1,1,20251124,20270201,""
484841,1,1,1,1,1,0,0,20260217,20270201,""
480832,0,0,0,0,0,1,1,20260112,20270201,""
483288,1,1,1,1,1,0,0,20260202,20270201,""
475199,0,0,0,0,0,1,1,20251119,20270201,""
477151,0,0,0,0,0,1,1,20251206,20270201,""
477030,1,1,1,1,1,0,0,20251205,20270201,""
477163,1,1,1,1,1,0,0,20251208,20270201,""
477164,0,0,0,0,0,1,1,20251208,20270201,""
477165,1,1,1,1,1,0,0,20251208,20270201,""
477166,0,0,0,0,0,1,1,20251208,20270201,""
481868,1,1,1,1,1,0,0,20260119,20270201,""
480403,0,0,0,0,0,1,1,20260105,20270201,""
465722,1,1,1,1,1,0,0,20250901,20270201,""
465723,0,0,0,0,0,1,1,20250901,20270201,""
473784,1,1,1,1,1,0,0,20251110,20270201,""
465725,0,0,0,0,0,1,1,20250901,20270201,""
470010,1,1,1,1,1,0,0,20251006,20270201,""
470011,0,0,0,0,0,1,1,20251006,20270201,""
485492,1,1,1,1,1,0,0,20260219,20270201,""
475310,0,0,0,0,0,1,1,20251120,20270201,""
473785,1,1,1,1,1,0,0,20251110,20270201,""
465731,0,0,0,0,0,1,1,20250901,20270201,""
471461,1,1,1,1,1,0,0,20251020,20270201,""
465733,0,0,0,0,0,1,1,20250901,20270201,""
471603,1,1,1,1,1,0,0,20251020,20270201,""
465735,0,0,0,0,0,1,1,20250901,20270201,""
465736,1,1,1,1,1,0,0,20250901,20270201,""
465737,0,0,0,0,0,1,1,20250901,20270201,""
465738,1,1,1,1,1,0,0,20250901,20270201,""
465739,0,0,0,0,0,1,1,20250901,20270201,""
481080,1,1,1,1,1,0,0,20260112,20270201,""
481079,0,0,0,0,0,1,1,20260112,20270201,""
477170,1,1,1,1,1,0,0,20251208,20270201,""
477171,0,0,0,0,0,1,1,20251208,20270201,""
476337,1,1,1,1,1,0,0,20251201,20270201,""
465745,0,0,0,0,0,1,1,20250901,20270201,""
484842,1,1,1,1,1,0,0,20260217,20270201,""
483407,0,0,0,0,0,1,1,20260205,20270201,""
481625,1,1,1,1,1,0,0,20260115,20270201,""
477842,0,0,0,0,0,1,1,20251213,20270201,""
481620,1,1,1,1,1,0,0,20260115,20270201,""
475547,0,0,0,0,0,1,1,20251124,20270201,""
471604,1,1,1,1,1,0,0,20251020,20270201,""
465753,0,0,0,0,0,1,1,20250901,20270201,""
481626,1,1,1,1,1,0,0,20260115,20270201,""
465755,0,0,0,0,0,1,1,20250901,20270201,""
476338,1,1,1,1,1,0,0,20251201,20270201,""
476339,0,0,0,0,0,1,1,20251201,20270201,""
481873,1,1,1,1,1,0,0,20260119,20270201,""
465759,0,0,0,0,0,1,1,20250901,20270201,""
481874,1,1,1,1,1,0,0,20260119,20270201,""
481621,1,1,1,1,1,0,0,20260115,20270201,""
465761,0,0,0,0,0,1,1,20250901,20270201,""
473787,1,1,1,1,1,0,0,20251110,20270201,""
473780,0,0,0,0,0,1,1,20251108,20270201,""
465764,1,1,1,1,1,0,0,20250901,20270201,""
465765,0,0,0,0,0,1,1,20250901,20270201,""
473089,0,0,0,0,0,1,1,20251108,20270201,""
473101,1,1,1,1,1,0,0,20251103,20270201,""
465768,1,1,1,1,1,0,0,20250901,20270201,""
477174,1,1,1,1,1,0,0,20251208,20270201,""
477175,0,0,0,0,0,1,1,20251208,20270201,""
474013,1,1,1,1,1,0,0,20251110,20270201,""
465771,1,1,1,1,1,0,0,20250901,20261109,""
465772,0,0,0,0,0,1,1,20250901,20270201,""
469131,1,1,1,1,1,0,0,20251020,20270201,""
465774,0,0,0,0,0,1,1,20250901,20270201,""
465775,1,1,1,1,1,0,0,20250901,20270201,""
465776,0,0,0,0,0,1,1,20250901,20270201,""
483289,1,1,1,1,1,0,0,20260202,20270201,""
483290,0,0,0,0,0,1,0,20260202,20270201,""
483291,0,0,0,0,0,0,1,20260202,20270201,""
473546,1,1,1,1,1,0,0,20251103,20270201,""
465781,0,0,0,0,0,1,1,20250901,20270201,""
481622,1,1,1,1,1,0,0,20260115,20270201,""
475549,0,0,0,0,0,1,1,20251124,20270201,""
481627,1,1,1,1,1,0,0,20260115,20270201,""
465785,0,0,0,0,0,1,1,20250901,20270201,""
465786,1,1,1,1,1,0,0,20250901,20270201,""
465787,0,0,0,0,0,1,1,20250901,20270201,""
471467,1,1,1,1,1,0,0,20251020,20270201,""
465789,0,0,0,0,0,1,1,20250901,20270201,""
483069,0,0,0,0,1,0,0,20260130,20260301,""
483070,0,0,0,0,0,1,1,20260130,20260301,""
483408,1,1,1,1,1,0,0,20260205,20270201,""
483409,0,0,0,0,0,1,1,20260205,20270201,""
471606,1,1,1,1,1,0,0,20251020,20270201,""
465793,0,0,0,0,0,1,1,20250901,20270201,""
465818,1,1,1,1,0,0,1,20250901,20270201,""
476347,0,0,0,0,0,1,1,20251201,20270201,""
476340,1,1,1,1,1,0,0,20251201,20270201,""
465797,0,0,0,0,0,1,1,20250901,20270201,""
484835,1,1,1,1,1,0,0,20260217,20270201,""
465799,0,0,0,0,0,1,1,20250901,20270201,""
473789,1,1,1,1,1,0,0,20251110,20270201,""
465801,0,0,0,0,0,1,1,20250901,20270201,""
465802,1,1,1,1,1,0,0,20250901,20270201,""
465803,0,0,0,0,0,1,1,20250901,20270201,""
474658,1,1,1,1,1,0,0,20251117,20270201,""
472728,0,0,0,0,0,1,1,20251028,20270201,""
470794,1,1,1,1,1,0,0,20251013,20270201,""
465807,0,0,0,0,0,1,1,20250901,20270201,""
465808,1,1,1,1,1,0,0,20250901,20270201,""
465809,0,0,0,0,0,1,1,20250901,20270201,""
465810,1,1,1,1,1,0,0,20250901,20270201,""
465964,0,0,0,0,0,1,1,20250901,20270201,""
477148,1,1,1,1,1,0,0,20251206,20270201,""
477149,0,0,0,0,0,1,1,20251206,20270201,""
465814,1,1,1,1,1,0,0,20250901,20270201,""
465815,0,0,0,0,0,1,1,20250901,20270201,""
471593,1,1,1,1,1,0,0,20251020,20270201,""
465965,0,0,0,0,0,1,1,20250901,20270201,""
477156,0,0,0,0,0,1,1,20251213,20270201,""
465825,1,1,1,1,1,0,0,20250901,20270201,""
477718,1,1,1,1,1,0,0,20251213,20270201,""
477721,0,0,0,0,0,1,1,20251213,20270201,""
465829,1,1,1,1,1,0,0,20250901,20270201,""
477157,0,0,0,0,0,1,1,20251213,20270201,""
465831,1,1,1,1,1,0,0,20250901,20270201,""
469129,0,0,0,0,0,1,1,20251004,20270201,""
465847,1,1,1,1,1,0,0,20250901,20270201,""
477152,1,1,1,1,1,0,0,20251208,20270201,""
477153,0,0,0,0,0,1,1,20251208,20270201,""
477719,1,1,1,1,1,0,0,20251213,20270201,""
477958,0,0,0,0,0,1,1,20251213,20270201,""
477159,0,0,0,0,0,1,1,20251213,20270201,""
465837,1,1,1,1,1,0,0,20250901,20270201,""
483179,1,1,1,1,1,0,0,20260202,20270201,""
477155,0,0,0,0,0,1,1,20251208,20270201,""
468474,1,1,1,1,1,0,0,20250922,20270201,""
467455,0,0,0,0,0,1,1,20250915,20270201,""
468245,1,1,1,1,1,0,0,20250918,20270201,""
477834,1,1,1,1,1,0,0,20251213,20270201,""
477835,0,0,0,0,0,1,1,20251213,20270201,""
484832,0,0,0,0,0,1,1,20260221,20260222,""
468476,1,1,1,1,1,0,0,20250922,20270201,""
465846,0,0,0,0,0,1,1,20250901,20270201,""
477959,0,0,0,0,0,1,1,20251213,20270201,""
465849,1,1,1,1,1,0,0,20250901,20270201,""
465850,0,0,0,0,0,1,1,20250901,20270201,""
465851,1,1,1,1,1,0,0,20250901,20270201,""
465852,0,0,0,0,0,1,1,20250901,20270201,""
465853,1,1,1,1,1,0,0,20250901,20270201,""