service_id,date,exception_type
465846,20260222,2
476351,20260421,2
476351,20270101,2
476351,20260311,2
476351,20260501,2
476351,20260624,2
476351,20260706,2
476351,20260815,2
476351,20261101,2
476351,20261102,2
476351,20261224,2
476351,20261225,2
476351,20261226,2
476352,20260421,1
476352,20270101,1
476352,20260311,1
476352,20260501,1
476352,20260624,1
476352,20260706,1
476352,20260815,1
476352,20261101,1
476352,20261102,1
476352,20261224,1
476352,20261225,1
476352,20261226,1
481742,20260421,2
481742,20270101,2
481742,20260311,2
481742,20260501,2
481742,20260624,2
481742,20260706,2
481742,20260815,2
481742,20261101,2
481742,20261102,2
481742,20261224,2
481742,20261225,2
481742,20261226,2
477837,20260421,1
477837,20270101,1
477837,20260311,1
477837,20260501,1
477837,20260624,1
477837,20260706,1
477837,20260815,1
477837,20261101,1
477837,20261102,1
477837,20261224,1
477837,20261225,1
477837,20261226,1
474654,20260421,2
474654,20270101,2
474654,20260311,2
474654,20260501,2
474654,20260624,2
474654,20260706,2
474654,20260815,2
474654,20261101,2
474654,20261102,2
474654,20261224,2
474654,20261225,2
474654,20261226,2
474655,20260421,2
474655,20270101,2
474655,20260311,2
474655,20260501,2
474655,20260624,2
474655,20260706,2
474655,20260815,2
474655,20261101,2
474655,20261102,2
474655,20261224,2
474655,20261225,2
474655,20261226,2
465657,20260421,1
465657,20270101,1
465657,20260311,1
465657,20260501,1
465657,20260624,1
465657,20260706,1
465657,20260815,1
465657,20261101,1
465657,20261102,1
465657,20261224,1
465657,20261225,1
465657,20261226,1
481869,20260421,2
481869,20270101,2
481869,20260311,2
481869,20260501,2
481869,20260624,2
481869,20260706,2
481869,20260815,2
481869,20261101,2
481869,20261102,2
481869,20261224,2
481869,20261225,2
481869,20261226,2
477839,20260421,1
477839,20270101,1
477839,20260311,1
477839,20260501,1
477839,20260624,1
477839,20260706,1
477839,20260815,1
477839,20261101,1
477839,20261102,1
477839,20261224,1
477839,20261225,1
477839,20261226,1
477840,20260421,2
477840,20270101,2
477840,20260311,2
477840,20260501,2
477840,20260624,2
477840,20260706,2
477840,20260815,2
477840,20261101,2
477840,20261102,2
477840,20261224,2
477840,20261225,2
477840,20261226,2
474657,20260421,1
474657,20270101,1
474657,20260311,1
474657,20260501,1
474657,20260624,1
474657,20260706,1
474657,20260815,1
474657,20261101,1
474657,20261102,1
474657,20261224,1
474657,20261225,1
474657,20261226,1
471596,20260421,2
471596,20270101,2
471596,20260311,2
471596,20260501,2
471596,20260624,2
471596,20260706,2
471596,20260815,2
471596,20261101,2
471596,20261102,2
471596,20261224,2
471596,20261225,2
471596,20261226,2
484506,20260421,2
484506,20270101,2
484506,20260311,2
484506,20260501,2
484506,20260624,2
484506,20260706,2
484506,20260815,2
484506,20261101,2
484506,20261102,2
484506,20261224,2
484506,20261225,2
484506,20261226,2
481404,20260421,1
481404,20270101,1
481404,20260311,1
481404,20260501,1
481404,20260624,1
481404,20260706,1
481404,20260815,1
481404,20261101,1
481404,20261102,1
481404,20261224,1
481404,20261225,1
481404,20261226,1
480724,20260421,2
480724,20270101,2
480724,20260311,2
480724,20260501,2
480724,20260624,2
480724,20260706,2
480724,20260815,2
480724,20261101,2
480724,20261102,2
480724,20261224,2
480724,20261225,2
480724,20261226,2
481076,20260421,1
481076,20270101,1
481076,20260311,1
481076,20260501,1
481076,20260624,1
481076,20260706,1
481076,20260815,1
481076,20261101,1
481076,20261102,1
481076,20261224,1
481076,20261225,1
481076,20261226,1
474656,20260421,1
474656,20270101,1
474656,20260311,1
474656,20260501,1
474656,20260624,1
474656,20260706,1
474656,20260815,1
474656,20261101,1
474656,20261102,1
474656,20261224,1
474656,20261225,1
474656,20261226,1
465648,20260421,2
465648,20270101,2
465648,20260311,2
465648,20260501,2
465648,20260624,2
465648,20260706,2
465648,20260815,2
465648,20261101,2
465648,20261102,2
465648,20261224,2
465648,20261225,2
465648,20261226,2
465649,20260421,1
465649,20270101,1
465649,20260311,1
465649,20260501,1
465649,20260624,1
465649,20260706,1
465649,20260815,1
465649,20261101,1
465649,20261102,1
465649,20261224,1
465649,20261225,1
465649,20261226,1
481741,20260421,2
481741,20270101,2
481741,20260311,2
481741,20260501,2
481741,20260624,2
481741,20260706,2
481741,20260815,2
481741,20261101,2
481741,20261102,2
481741,20261224,2
481741,20261225,2
481741,20261226,2
465663,20260421,1
465663,20270101,1
465663,20260311,1
465663,20260501,1
465663,20260624,1
465663,20260706,1
465663,20260815,1
465663,20261101,1
465663,20261102,1
465663,20261224,1
465663,20261225,1
465663,20261226,1
484509,20260421,2
484509,20270101,2
484509,20260311,2
484509,20260501,2
484509,20260624,2
484509,20260706,2
484509,20260815,2
484509,20261101,2
484509,20261102,2
484509,20261224,2
484509,20261225,2
484509,20261226,2
465651,20260421,1
465651,20270101,1
465651,20260311,1
465651,20260501,1
465651,20260624,1
465651,20260706,1
465651,20260815,1
465651,20261101,1
465651,20261102,1
465651,20261224,1
465651,20261225,1
465651,20261226,1
475419,20260421,1
475419,20270101,1
475419,20260311,1
475419,20260501,1
475419,20260624,1
475419,20260706,1
475419,20260815,1
475419,20261101,1
475419,20261102,1
475419,20261224,1
475419,20261225,1
475419,20261226,1
475200,20260421,2
475200,20270101,2
475200,20260311,2
475200,20260501,2
475200,20260624,2
475200,20260706,2
475200,20260815,2
475200,20261101,2
475200,20261102,2
475200,20261224,2
475200,20261225,2
475200,20261226,2
470795,20260421,2
470795,20270101,2
470795,20260311,2
470795,20260501,2
470795,20260624,2
470795,20260706,2
470795,20260815,2
470795,20261101,2
470795,20261102,2
470795,20261224,2
470795,20261225,2
470795,20261226,2
470796,20260421,1
470796,20270101,1
470796,20260311,1
470796,20260501,1
470796,20260624,1
470796,20260706,1
470796,20260815,1
470796,20261101,1
470796,20261102,1
470796,20261224,1
470796,20261225,1
470796,20261226,1
465966,20260421,2
465966,20270101,2
465966,20260311,2
465966,20260501,2
465966,20260624,2
465966,20260706,2
465966,20260815,2
465966,20261101,2
465966,20261102,2
465966,20261224,2
465966,20261225,2
465966,20261226,2
465667,20260421,1
465667,20270101,1
465667,20260311,1
465667,20260501,1
465667,20260624,1
465667,20260706,1
465667,20260815,1
465667,20261101,1
465667,20261102,1
465667,20261224,1
465667,20261225,1
465667,20261226,1
471448,20260421,2
471448,20270101,2
471448,20260311,2
471448,20260501,2
471448,20260624,2
471448,20260706,2
471448,20260815,2
471448,20261101,2
471448,20261102,2
471448,20261224,2
471448,20261225,2
471448,20261226,2
465967,20260421,1
465967,20270101,1
465967,20260311,1
465967,20260501,1
465967,20260624,1
465967,20260706,1
465967,20260815,1
465967,20261101,1
465967,20261102,1
465967,20261224,1
465967,20261225,1
465967,20261226,1
481865,20260421,2
481865,20270101,2
481865,20260311,2
481865,20260501,2
481865,20260624,2
481865,20260706,2
481865,20260815,2
481865,20261101,2
481865,20261102,2
481865,20261224,2
481865,20261225,2
481865,20261226,2
477179,20260421,1
477179,20270101,1
477179,20260311,1
477179,20260501,1
477179,20260624,1
477179,20260706,1
477179,20260815,1
477179,20261101,1
477179,20261102,1
477179,20261224,1
477179,20261225,1
477179,20261226,1
476331,20260421,2
476331,20270101,2
476331,20260311,2
476331,20260501,2
476331,20260624,2
476331,20260706,2
476331,20260815,2
476331,20261101,2
476331,20261102,2
476331,20261224,2
476331,20261225,2
476331,20261226,2
476332,20260421,1
476332,20270101,1
476332,20260311,1
476332,20260501,1
476332,20260624,1
476332,20260706,1
476332,20260815,1
476332,20261101,1
476332,20261102,1
476332,20261224,1
476332,20261225,1
476332,20261226,1
479932,20260421,2
479932,20270101,2
479932,20260311,2
479932,20260501,2
479932,20260624,2
479932,20260706,2
479932,20260815,2
479932,20261101,2
479932,20261102,2
479932,20261224,2
479932,20261225,2
479932,20261226,2
465675,20260421,1
465675,20270101,1
465675,20260311,1
465675,20260501,1
465675,20260624,1
465675,20260706,1
465675,20260815,1
465675,20261101,1
465675,20261102,1
465675,20261224,1
465675,20261225,1
465675,20261226,1
479933,20260421,2
479933,20270101,2
479933,20260311,2
479933,20260501,2
479933,20260624,2
479933,20260706,2
479933,20260815,2
479933,20261101,2
479933,20261102,2
479933,20261224,2
479933,20261225,2
479933,20261226,2
476353,20260421,1
476353,20270101,1
476353,20260311,1
476353,20260501,1
476353,20260624,1
476353,20260706,1
476353,20260815,1
476353,20261101,1
476353,20261102,1
476353,20261224,1
476353,20261225,1
476353,20261226,1
473781,20260421,2
473781,20270101,2
473781,20260311,2
473781,20260501,2
473781,20260624,2
473781,20260706,2
473781,20260815,2
473781,20261101,2
473781,20261102,2
473781,20261224,2
473781,20261225,2
473781,20261226,2
465678,20260421,2
465678,20270101,2
465678,20260311,2
465678,20260501,2
465678,20260624,2
465678,20260706,2
465678,20260815,2
465678,20261101,2
465678,20261102,2
465678,20261224,2
465678,20261225,2
465678,20261226,2
465679,20260421,1
465679,20270101,1
465679,20260311,1
465679,20260501,1
465679,20260624,1
465679,20260706,1
465679,20260815,1
465679,20261101,1
465679,20261102,1
465679,20261224,1
465679,20261225,1
465679,20261226,1
473777,20260421,1
473777,20270101,1
473777,20260311,1
473777,20260501,1
473777,20260624,1
473777,20260706,1
473777,20260815,1
473777,20261101,1
473777,20261102,1
473777,20261224,1
473777,20261225,1
473777,20261226,1
471599,20260421,2
471599,20270101,2
471599,20260311,2
471599,20260501,2
471599,20260624,2
471599,20260706,2
471599,20260815,2
471599,20261101,2
471599,20261102,2
471599,20261224,2
471599,20261225,2
471599,20261226,2
465683,20260421,1
465683,20270101,1
465683,20260311,1
465683,20260501,1
465683,20260624,1
465683,20260706,1
465683,20260815,1
465683,20261101,1
465683,20261102,1
465683,20261224,1
465683,20261225,1
465683,20261226,1
470006,20260421,2
470006,20270101,2
470006,20260311,2
470006,20260501,2
470006,20260624,2
470006,20260706,2
470006,20260815,2
470006,20261101,2
470006,20261102,2
470006,20261224,2
470006,20261225,2
470006,20261226,2
470007,20260421,1
470007,20270101,1
470007,20260311,1
470007,20260501,1
470007,20260624,1
470007,20260706,1
470007,20260815,1
470007,20261101,1
470007,20261102,1
470007,20261224,1
470007,20261225,1
470007,20261226,1
484833,20260421,2
484833,20270101,2
484833,20260311,2
484833,20260501,2
484833,20260624,2
484833,20260706,2
484833,20260815,2
484833,20261101,2
484833,20261102,2
484833,20261224,2
484833,20261225,2
484833,20261226,2
465687,20260421,1
465687,20270101,1
465687,20260311,1
465687,20260501,1
465687,20260624,1
465687,20260706,1
465687,20260815,1
465687,20261101,1
465687,20261102,1
465687,20261224,1
465687,20261225,1
465687,20261226,1
481623,20260421,2
481623,20270101,2
481623,20260311,2
481623,20260501,2
481623,20260624,2
481623,20260706,2
481623,20260815,2
481623,20261101,2
481623,20261102,2
481623,20261224,2
481623,20261225,2
481623,20261226,2
465689,20260421,1
465689,20270101,1
465689,20260311,1
465689,20260501,1
465689,20260624,1
465689,20260706,1
465689,20260815,1
465689,20261101,1
465689,20261102,1
465689,20261224,1
465689,20261225,1
465689,20261226,1
476334,20260421,2
476334,20270101,2
476334,20260311,2
476334,20260501,2
476334,20260624,2
476334,20260706,2
476334,20260815,2
476334,20261101,2
476334,20261102,2
476334,20261224,2
476334,20261225,2
476334,20261226,2
471939,20260421,1
471939,20270101,1
471939,20260311,1
471939,20260501,1
471939,20260624,1
471939,20260706,1
471939,20260815,1
471939,20261101,1
471939,20261102,1
471939,20261224,1
471939,20261225,1
471939,20261226,1
465692,20260421,2
465692,20270101,2
465692,20260311,2
465692,20260501,2
465692,20260624,2
465692,20260706,2
465692,20260815,2
465692,20261101,2
465692,20261102,2
465692,20261224,2
465692,20261225,2
465692,20261226,2
465693,20260421,1
465693,20270101,1
465693,20260311,1
465693,20260501,1
465693,20260624,1
465693,20260706,1
465693,20260815,1
465693,20261101,1
465693,20261102,1
465693,20261224,1
465693,20261225,1
465693,20261226,1
481619,20260421,2
481619,20270101,2
481619,20260311,2
481619,20260501,2
481619,20260624,2
481619,20260706,2
481619,20260815,2
481619,20261101,2
481619,20261102,2
481619,20261224,2
481619,20261225,2
481619,20261226,2
465695,20260421,1
465695,20270101,1
465695,20260311,1
465695,20260501,1
465695,20260624,1
465695,20260706,1
465695,20260815,1
465695,20261101,1
465695,20261102,1
465695,20261224,1
465695,20261225,1
465695,20261226,1
471452,20260421,2
471452,20270101,2
471452,20260311,2
471452,20260501,2
471452,20260624,2
471452,20260706,2
471452,20260815,2
471452,20261101,2
471452,20261102,2
471452,20261224,2
471452,20261225,2
471452,20261226,2
465697,20260421,1
465697,20270101,1
465697,20260311,1
465697,20260501,1
465697,20260624,1
465697,20260706,1
465697,20260815,1
465697,20261101,1
465697,20261102,1
465697,20261224,1
465697,20261225,1
465697,20261226,1
465961,20260421,2
465961,20270101,2
465961,20260311,2
465961,20260501,2
465961,20260624,2
465961,20260706,2
465961,20260815,2
465961,20261101,2
465961,20261102,2
465961,20261224,2
465961,20261225,2
465961,20261226,2
465699,20260421,1
465699,20270101,1
465699,20260311,1
465699,20260501,1
465699,20260624,1
465699,20260706,1
465699,20260815,1
465699,20261101,1
465699,20261102,1
465699,20261224,1
465699,20261225,1
465699,20261226,1
473778,20260421,1
473778,20270101,1
473778,20260311,1
473778,20260501,1
473778,20260624,1
473778,20260706,1
473778,20260815,1
473778,20261101,1
473778,20261102,1
473778,20261224,1
473778,20261225,1
473778,20261226,1
465700,20260421,2
465700,20270101,2
465700,20260311,2
465700,20260501,2
465700,20260624,2
465700,20260706,2
465700,20260815,2
465700,20261101,2
465700,20261102,2
465700,20261224,2
465700,20261225,2
465700,20261226,2
471453,20260421,2
471453,20270101,2
471453,20260311,2
471453,20260501,2
471453,20260624,2
471453,20260706,2
471453,20260815,2
471453,20261101,2
471453,20261102,2
471453,20261224,2
471453,20261225,2
471453,20261226,2
465703,20260421,1
465703,20270101,1
465703,20260311,1
465703,20260501,1
465703,20260624,1
465703,20260706,1
465703,20260815,1
465703,20261101,1
465703,20261102,1
465703,20261224,1
465703,20261225,1
465703,20261226,1
477031,20260421,2
477031,20270101,2
477031,20260311,2
477031,20260501,2
477031,20260624,2
477031,20260706,2
477031,20260815,2
477031,20261101,2
477031,20261102,2
477031,20261224,2
477031,20261225,2
477031,20261226,2
476336,20260421,1
476336,20270101,1
476336,20260311,1
476336,20260501,1
476336,20260624,1
476336,20260706,1
476336,20260815,1
476336,20261101,1
476336,20261102,1
476336,20261224,1
476336,20261225,1
476336,20261226,1
473653,20260421,2
473653,20270101,2
473653,20260311,2
473653,20260501,2
473653,20260624,2
473653,20260706,2
473653,20260815,2
473653,20261101,2
473653,20261102,2
473653,20261224,2
473653,20261225,2
473653,20261226,2
465707,20260421,1
465707,20270101,1
465707,20260311,1
465707,20260501,1
465707,20260624,1
465707,20260706,1
465707,20260815,1
465707,20261101,1
465707,20261102,1
465707,20261224,1
465707,20261225,1
465707,20261226,1
483287,20260421,2
483287,20270101,2
483287,20260311,2
483287,20260501,2
483287,20260624,2
483287,20260706,2
483287,20260815,2
483287,20261101,2
483287,20261102,2
483287,20261224,2
483287,20261225,2
483287,20261226,2
475545,20260421,1
475545,20270101,1
475545,20260311,1
475545,20260501,1
475545,20260624,1
475545,20260706,1
475545,20260815,1
475545,20261101,1
475545,20261102,1
475545,20261224,1
475545,20261225,1
475545,20261226,1
484841,20260421,2
484841,20270101,2
484841,20260311,2
484841,20260501,2
484841,20260624,2
484841,20260706,2
484841,20260815,2
484841,20261101,2
484841,20261102,2
484841,20261224,2
484841,20261225,2
484841,20261226,2
480832,20260421,1
480832,20270101,1
480832,20260311,1
480832,20260501,1
480832,20260624,1
480832,20260706,1
480832,20260815,1
480832,20261101,1
480832,20261102,1
480832,20261224,1
480832,20261225,1
480832,20261226,1
483288,20260421,2
483288,20270101,2
483288,20260311,2
483288,20260501,2
483288,20260624,2
483288,20260706,2
483288,20260815,2
483288,20261101,2
483288,20261102,2
483288,20261224,2
483288,20261225,2
483288,20261226,2
475199,20260421,1
475199,20270101,1
475199,20260311,1
475199,20260501,1
475199,20260624,1
475199,20260706,1
475199,20260815,1
475199,20261101,1
475199,20261102,1
475199,20261224,1
475199,20261225,1
475199,20261226,1
477151,20260421,1
477151,20270101,1
477151,20260311,1
477151,20260501,1
477151,20260624,1
477151,20260706,1
477151,20260815,1
477151,20261101,1
477151,20261102,1
477151,20261224,1
477151,20261225,1
477151,20261226,1
477030,20260421,2
477030,20270101,2
477030,20260311,2
477030,20260501,2
477030,20260624,2
477030,20260706,2
477030,20260815,2
477030,20261101,2
477030,20261102,2
477030,20261224,2
477030,20261225,2
477030,20261226,2
477163,20260421,2
477163,20270101,2
477163,20260311,2
477163,20260501,2
477163,20260624,2
477163,20260706,2
477163,20260815,2
477163,20261101,2
477163,20261102,2
477163,20261224,2
477163,20261225,2
477163,20261226,2
477164,20260421,1
477164,20270101,1
477164,20260311,1
477164,20260501,1
477164,20260624,1
477164,20260706,1
477164,20260815,1
477164,20261101,1
477164,20261102,1
477164,20261224,1
477164,20261225,1
477164,20261226,1
477165,20260421,2
477165,20270101,2
477165,20260311,2
477165,20260501,2
477165,20260624,2
477165,20260706,2
477165,20260815,2
477165,20261101,2
477165,20261102,2
477165,20261224,2
477165,20261225,2
477165,20261226,2
477166,20260421,1
477166,20270101,1
477166,20260311,1
477166,20260501,1
477166,20260624,1
477166,20260706,1
477166,20260815,1
477166,20261101,1
477166,20261102,1
477166,20261224,1
477166,20261225,1
477166,20261226,1
481868,20260421,2
481868,20270101,2
481868,20260311,2
481868,20260501,2
481868,20260624,2
481868,20260706,2
481868,20260815,2
481868,20261101,2
481868,20261102,2
481868,20261224,2
481868,20261225,2
481868,20261226,2
480403,20260421,1
480403,20270101,1
480403,20260311,1
480403,20260501,1
480403,20260624,1
480403,20260706,1
480403,20260815,1
480403,20261101,1
480403,20261102,1
480403,20261224,1
480403,20261225,1
480403,20261226,1
465722,20260421,2
465722,20270101,2
465722,20260311,2
465722,20260501,2
465722,20260624,2
465722,20260706,2
465722,20260815,2
465722,20261101,2
465722,20261102,2
465722,20261224,2
465722,20261225,2
465722,20261226,2
465723,20260421,1
465723,20270101,1
465723,20260311,1
465723,20260501,1
465723,20260624,1
465723,20260706,1
465723,20260815,1
465723,20261101,1
465723,20261102,1
465723,20261224,1
465723,20261225,1
465723,20261226,1
473784,20260421,2
473784,20270101,2
473784,20260311,2
473784,20260501,2
473784,20260624,2
473784,20260706,2
473784,20260815,2
473784,20261101,2
473784,20261102,2
473784,20261224,2
473784,20261225,2
473784,20261226,2
465725,20260421,1
465725,20270101,1
465725,20260311,1
465725,20260501,1
465725,20260624,1
465725,20260706,1
465725,20260815,1
465725,20261101,1
465725,20261102,1
465725,20261224,1
465725,20261225,1
465725,20261226,1
470010,20260421,2
470010,20270101,2
470010,20260311,2
470010,20260501,2
470010,20260624,2
470010,20260706,2
470010,20260815,2
470010,20261101,2
470010,20261102,2
470010,20261224,2
470010,20261225,2
470010,20261226,2
470011,20260421,1
470011,20270101,1
470011,20260311,1
470011,20260501,1
470011,20260624,1
470011,20260706,1
470011,20260815,1
470011,20261101,1
470011,20261102,1
470011,20261224,1
470011,20261225,1
470011,20261226,1
485492,20260421,2
485492,20270101,2
485492,20260311,2
485492,20260501,2
485492,20260624,2
485492,20260706,2
485492,20260815,2
485492,20261101,2
485492,20261102,2
485492,20261224,2
485492,20261225,2
485492,20261226,2
475310,20260421,1
475310,20270101,1
475310,20260311,1
475310,20260501,1
475310,20260624,1
475310,20260706,1
475310,20260815,1
475310,20261101,1
475310,20261102,1
475310,20261224,1
475310,20261225,1
475310,20261226,1
473785,20260421,2
473785,20270101,2
473785,20260311,2
473785,20260501,2
473785,20260624,2
473785,20260706,2
473785,20260815,2
473785,20261101,2
473785,20261102,2
473785,20261224,2
473785,20261225,2
473785,20261226,2
465731,20260421,1
465731,20270101,1
465731,20260311,1
465731,20260501,1
465731,20260624,1
465731,20260706,1
465731,20260815,1
465731,20261101,1
465731,20261102,1
465731,20261224,1
465731,20261225,1
465731,20261226,1
471461,20260421,2
471461,20270101,2
471461,20260311,2
471461,20260501,2
471461,20260624,2
471461,20260706,2
471461,20260815,2
471461,20261101,2
471461,20261102,2
471461,20261224,2
471461,20261225,2
471461,20261226,2
465733,20260421,1
465733,20270101,1
465733,20260311,1
465733,20260501,1
465733,20260624,1
465733,20260706,1
465733,20260815,1
465733,20261101,1
465733,20261102,1
465733,20261224,1
465733,20261225,1
465733,20261226,1
471603,20260421,2
471603,20270101,2
471603,20260311,2
471603,20260501,2
471603,20260624,2
471603,20260706,2
471603,20260815,2
471603,20261101,2
471603,20261102,2
471603,20261224,2
471603,20261225,2
471603,20261226,2
465735,20260421,1
465735,20270101,1
465735,20260311,1
465735,20260501,1
465735,20260624,1
465735,20260706,1
465735,20260815,1
465735,20261101,1
465735,20261102,1
465735,20261224,1
465735,20261225,1
465735,20261226,1
465736,20260421,2
465736,20270101,2
465736,20260311,2
465736,20260501,2
465736,20260624,2
465736,20260706,2
465736,20260815,2
465736,20261101,2
465736,20261102,2
465736,20261224,2
465736,20261225,2
465736,20261226,2
465737,20260421,1
465737,20270101,1
465737,20260311,1
465737,20260501,1
465737,20260624,1
465737,20260706,1
465737,20260815,1
465737,20261101,1
465737,20261102,1
465737,20261224,1
465737,20261225,1
465737,20261226,1
465738,20260421,2
465738,20270101,2
465738,20260311,2
465738,20260501,2
465738,20260624,2
465738,20260706,2
465738,20260815,2
465738,20261101,2
465738,20261102,2
465738,20261224,2
465738,20261225,2
465738,20261226,2
465739,20260421,1
465739,20270101,1
465739,20260311,1
465739,20260501,1
465739,20260624,1
465739,20260706,1
465739,20260815,1
465739,20261101,1
465739,20261102,1
465739,20261224,1
465739,20261225,1
465739,20261226,1
481080,20260421,2
481080,20270101,2
481080,20260311,2
481080,20260501,2
481080,20260624,2
481080,20260706,2
481080,20260815,2
481080,20261101,2
481080,20261102,2
481080,20261224,2
481080,20261225,2
481080,20261226,2
481079,20260421,1
481079,20270101,1
481079,20260311,1
481079,20260501,1
481079,20260624,1
481079,20260706,1
481079,20260815,1
481079,20261101,1
481079,20261102,1
481079,20261224,1
481079,20261225,1
481079,20261226,1
477170,20260421,2
477170,20270101,2
477170,20260311,2
477170,20260501,2
477170,20260624,2
477170,20260706,2
477170,20260815,2
477170,20261101,2
477170,20261102,2
477170,20261224,2
477170,20261225,2
477170,20261226,2
477171,20260421,1
477171,20270101,1
477171,20260311,1
477171,20260501,1
477171,20260624,1
477171,20260706,1
477171,20260815,1
477171,20261101,1
477171,20261102,1
477171,20261224,1
477171,20261225,1
477171,20261226,1
476337,20260421,2
476337,20270101,2
476337,20260311,2
476337,20260501,2
476337,20260624,2
476337,20260706,2
476337,20260815,2
476337,20261101,2
476337,20261102,2
476337,20261224,2
476337,20261225,2
476337,20261226,2
465745,20260421,1
465745,20270101,1
465745,20260311,1
465745,20260501,1
465745,20260624,1
465745,20260706,1
465745,20260815,1
465745,20261101,1
465745,20261102,1
465745,20261224,1
465745,20261225,1
465745,20261226,1
484842,20260421,2
484842,20270101,2
484842,20260311,2
484842,20260501,2
484842,20260624,2
484842,20260706,2
484842,20260815,2
484842,20261101,2
484842,20261102,2
484842,20261224,2
484842,20261225,2
484842,20261226,2
483407,20260421,1
483407,20270101,1
483407,20260311,1
483407,20260501,1
483407,20260624,1
483407,20260706,1
483407,20260815,1
483407,20261101,1
483407,20261102,1
483407,20261224,1
483407,20261225,1
483407,20261226,1
481625,20260421,2
481625,20270101,2
481625,20260311,2
481625,20260501,2
481625,20260624,2
481625,20260706,2
481625,20260815,2
481625,20261101,2
481625,20261102,2
481625,20261224,2
481625,20261225,2
481625,20261226,2
477842,20260421,1
477842,20270101,1
477842,20260311,1
477842,20260501,1
477842,20260624,1
477842,20260706,1
477842,20260815,1
477842,20261101,1
477842,20261102,1
477842,20261224,1
477842,20261225,1
477842,20261226,1
481620,20260421,2
481620,20270101,2
481620,20260311,2
481620,20260501,2
481620,20260624,2
481620,20260706,2
481620,20260815,2
481620,20261101,2
481620,20261102,2
481620,20261224,2
481620,20261225,2
481620,20261226,2
475547,20260421,1
475547,20270101,1
475547,20260311,1
475547,20260501,1
475547,20260624,1
475547,20260706,1
475547,20260815,1
475547,20261101,1
475547,20261102,1
475547,20261224,1
475547,20261225,1
475547,20261226,1
471604,20260421,2
471604,20270101,2
471604,20260311,2
471604,20260501,2
471604,20260624,2
471604,20260706,2
471604,20260815,2
471604,20261101,2
471604,20261102,2
471604,20261224,2
471604,20261225,2
471604,20261226,2
465753,20260421,1
465753,20270101,1
465753,20260311,1
465753,20260501,1
465753,20260624,1
465753,20260706,1
465753,20260815,1
465753,20261101,1
465753,20261102,1
465753,20261224,1
465753,20261225,1
465753,20261226,1
481626,20260421,2
481626,20270101,2
481626,20260311,2
481626,20260501,2
481626,20260624,2
481626,20260706,2
481626,20260815,2
481626,20261101,2
481626,20261102,2
481626,20261224,2
481626,20261225,2
481626,20261226,2
465755,20260421,1
465755,20270101,1
465755,20260311,1
465755,20260501,1
465755,20260624,1
465755,20260706,1
465755,20260815,1
465755,20261101,1
465755,20261102,1
465755,20261224,1
465755,20261225,1
465755,20261226,1
476338,20260421,2
476338,20270101,2
476338,20260311,2
476338,20260501,2
476338,20260624,2
476338,20260706,2
476338,20260815,2
476338,20261101,2
476338,20261102,2
476338,20261224,2
476338,20261225,2
476338,20261226,2
476339,20260421,1
476339,20270101,1
476339,20260311,1
476339,20260501,1
476339,20260624,1
476339,20260706,1
476339,20260815,1
476339,20261101,1
476339,20261102,1
476339,20261224,1
476339,20261225,1
476339,20261226,1
481873,20260421,2
481873,20270101,2
481873,20260311,2
481873,20260501,2
481873,20260624,2
481873,20260706,2
481873,20260815,2
481873,20261101,2
481873,20261102,2
481873,20261224,2
481873,20261225,2
481873,20261226,2
465759,20260421,1
465759,20270101,1
465759,20260311,1
465759,20260501,1
465759,20260624,1
465759,20260706,1
465759,20260815,1
465759,20261101,1
465759,20261102,1
465759,20261224,1
465759,20261225,1
465759,20261226,1
481874,20260421,2
481874,20270101,2
481874,20260311,2
481874,20260501,2
481874,20260624,2
481874,20260706,2
481874,20260815,2
481874,20261101,2
481874,20261102,2
481874,20261224,2
481874,20261225,2
481874,20261226,2
481621,20260421,2
481621,20270101,2
481621,20260311,2
481621,20260501,2
481621,20260624,2
481621,20260706,2
481621,20260815,2
481621,20261101,2
481621,20261102,2
481621,20261224,2
481621,20261225,2
481621,20261226,2
465761,20260421,1
465761,20270101,1
465761,20260311,1
465761,20260501,1
465761,20260624,1
465761,20260706,1
465761,20260815,1
465761,20261101,1
465761,20261102,1
465761,20261224,1
465761,20261225,1
465761,20261226,1
473787,20260421,2
473787,20270101,2
473787,20260311,2
473787,20260501,2
473787,20260624,2
473787,20260706,2
473787,20260815,2
473787,20261101,2
473787,20261102,2
473787,20261224,2
473787,20261225,2
473787,20261226,2
473780,20260421,1
473780,20270101,1
473780,20260311,1
473780,20260501,1
473780,20260624,1
473780,20260706,1
473780,20260815,1
473780,20261101,1
473780,20261102,1
473780,20261224,1
473780,20261225,1
473780,20261226,1
465764,20260421,2
465764,20270101,2
465764,20260311,2
465764,20260501,2
465764,20260624,2
465764,20260706,2
465764,20260815,2
465764,20261101,2
465764,20261102,2
465764,20261224,2
465764,20261225,2
465764,20261226,2
465765,20260421,1
465765,20270101,1
465765,20260311,1
465765,20260501,1
465765,20260624,1
465765,20260706,1
465765,20260815,1
465765,20261101,1
465765,20261102,1
465765,20261224,1
465765,20261225,1
465765,20261226,1
473089,20260421,1
473089,20270101,1
473089,20260311,1
473089,20260501,1
473089,20260624,1
473089,20260706,1
473089,20260815,1
473089,20261101,1
473089,20261102,1
473089,20261224,1
473089,20261225,1
473089,20261226,1
473101,20260421,2
473101,20270101,2
473101,20260311,2
473101,20260501,2
473101,20260624,2
473101,20260706,2
473101,20260815,2
473101,20261101,2
473101,20261102,2
473101,20261224,2
473101,20261225,2
473101,20261226,2
465768,20260421,2
465768,20270101,2
465768,20260311,2
465768,20260501,2
465768,20260624,2
465768,20260706,2
465768,20260815,2
465768,20261101,2
465768,20261102,2
465768,20261224,2
465768,20261225,2
465768,20261226,2
477174,20260421,2
477174,20270101,2
477174,20260311,2
477174,20260501,2
477174,20260624,2
477174,20260706,2
477174,20260815,2
477174,20261101,2
477174,20261102,2
477174,20261224,2
477174,20261225,2
477174,20261226,2
477175,20260421,1
477175,20270101,1
477175,20260311,1
477175,20260501,1
477175,20260624,1
477175,20260706,1
477175,20260815,1
477175,20261101,1
477175,20261102,1
477175,20261224,1
477175,20261225,1
477175,20261226,1
474013,20260421,2
474013,20270101,2
474013,20260311,2
474013,20260501,2
474013,20260624,2
474013,20260706,2
474013,20260815,2
474013,20261101,2
474013,20261102,2
474013,20261224,2
474013,20261225,2
474013,20261226,2
465771,20260421,2
465771,20260311,2
465771,20260501,2
465771,20260624,2
465771,20260706,2
465771,20260815,2
465771,20261101,2
465771,20261102,2
465772,20260421,1
465772,20270101,1
465772,20260311,1
465772,20260501,1
465772,20260624,1
465772,20260706,1
465772,20260815,1
465772,20261101,1
465772,20261102,1
465772,20261224,1
465772,20261225,1
465772,20261226,1
469131,20260421,2
469131,20270101,2
469131,20260311,2
469131,20260501,2
469131,20260624,2
469131,20260706,2
469131,20260815,2
469131,20261101,2
469131,20261102,2
469131,20261224,2
469131,20261225,2
469131,20261226,2
465774,20260421,1
465774,20270101,1
465774,20260311,1
465774,20260501,1
465774,20260624,1
465774,20260706,1
465774,20260815,1
465774,20261101,1
465774,20261102,1
465774,20261224,1
465774,20261225,1
465774,20261226,1
465775,20260421,2
465775,20270101,2
465775,20260311,2
465775,20260501,2
465775,20260624,2
465775,20260706,2
465775,20260815,2
465775,20261101,2
465775,20261102,2
465775,20261224,2
465775,20261225,2
465775,20261226,2
465776,20260421,1
465776,20270101,1
465776,20260311,1
465776,20260501,1
465776,20260624,1
465776,20260706,1
465776,20260815,1
465776,20261101,1
465776,20261102,1
465776,20261224,1
465776,20261225,1
465776,20261226,1
483289,20260421,2
483289,20270101,2
483289,20260311,2
483289,20260501,2
483289,20260624,2
483289,20260706,2
483289,20260815,2
483289,20261101,2
483289,20261102,2
483289,20261224,2
483289,20261225,2
483289,20261226,2
483290,20260421,1
483290,20270101,1
483290,20260311,1
483290,20260501,1
483290,20260624,1
483290,20260706,1
483290,20260815,1
483290,20261101,1
483290,20261102,1
483290,20261224,1
483290,20261225,1
483290,20261226,1
483291,20260421,2
483291,20270101,2
483291,20260311,2
483291,20260501,2
483291,20260624,2
483291,20260706,2
483291,20260815,2
483291,20261101,2
483291,20261102,2
483291,20261224,2
483291,20261225,2
483291,20261226,2
473546,20260421,2
473546,20270101,2
473546,20260311,2
473546,20260501,2
473546,20260624,2
473546,20260706,2
473546,20260815,2
473546,20261101,2
473546,20261102,2
473546,20261224,2
473546,20261225,2
473546,20261226,2
465781,20260421,1
465781,20270101,1
465781,20260311,1
465781,20260501,1
465781,20260624,1
465781,20260706,1
465781,20260815,1
465781,20261101,1
465781,20261102,1
465781,20261224,1
465781,20261225,1
465781,20261226,1
481622,20260421,2
481622,20270101,2
481622,20260311,2
481622,20260501,2
481622,20260624,2
481622,20260706,2
481622,20260815,2
481622,20261101,2
481622,20261102,2
481622,20261224,2
481622,20261225,2
481622,20261226,2
475549,20260421,1
475549,20270101,1
475549,20260311,1
475549,20260501,1
475549,20260624,1
475549,20260706,1
475549,20260815,1
475549,20261101,1
475549,20261102,1
475549,20261224,1
475549,20261225,1
475549,20261226,1
481627,20260421,2
481627,20270101,2
481627,20260311,2
481627,20260501,2
481627,20260624,2
481627,20260706,2
481627,20260815,2
481627,20261101,2
481627,20261102,2
481627,20261224,2
481627,20261225,2
481627,20261226,2
465785,20260421,1
465785,20270101,1
465785,20260311,1
465785,20260501,1
465785,20260624,1
465785,20260706,1
465785,20260815,1
465785,20261101,1
465785,20261102,1
465785,20261224,1
465785,20261225,1
465785,20261226,1
465786,20260421,2
465786,20270101,2
465786,20260311,2
465786,20260501,2
465786,20260624,2
465786,20260706,2
465786,20260815,2
465786,20261101,2
465786,20261102,2
465786,20261224,2
465786,20261225,2
465786,20261226,2
465787,20260421,1
465787,20270101,1
465787,20260311,1
465787,20260501,1
465787,20260624,1
465787,20260706,1
465787,20260815,1
465787,20261101,1
465787,20261102,1
465787,20261224,1
465787,20261225,1
465787,20261226,1
471467,20260421,2
471467,20270101,2
471467,20260311,2
471467,20260501,2
471467,20260624,2
471467,20260706,2
471467,20260815,2
471467,20261101,2
471467,20261102,2
471467,20261224,2
471467,20261225,2
471467,20261226,2
465789,20260421,1
465789,20270101,1
465789,20260311,1
465789,20260501,1
465789,20260624,1
465789,20260706,1
465789,20260815,1
465789,20261101,1
465789,20261102,1
465789,20261224,1
465789,20261225,1
465789,20261226,1
483408,20260421,2
483408,20270101,2
483408,20260311,2
483408,20260501,2
483408,20260624,2
483408,20260706,2
483408,20260815,2
483408,20261101,2
483408,20261102,2
483408,20261224,2
483408,20261225,2
483408,20261226,2
483409,20260421,1
483409,20270101,1
483409,20260311,1
483409,20260501,1
483409,20260624,1
483409,20260706,1
483409,20260815,1
483409,20261101,1
483409,20261102,1
483409,20261224,1
483409,20261225,1
483409,20261226,1
471606,20260421,2
471606,20270101,2
471606,20260311,2
471606,20260501,2
471606,20260624,2
471606,20260706,2
471606,20260815,2
471606,20261101,2
471606,20261102,2
471606,20261224,2
471606,20261225,2
471606,20261226,2
465793,20260421,1
465793,20270101,1
465793,20260311,1
465793,20260501,1
465793,20260624,1
465793,20260706,1
465793,20260815,1
465793,20261101,1
465793,20261102,1
465793,20261224,1
465793,20261225,1
465793,20261226,1
476347,20260421,1
476347,20270101,1
476347,20260311,1
476347,20260501,1
476347,20260624,1
476347,20260706,1
476347,20260815,1
476347,20261101,1
476347,20261102,1
476347,20261224,1
476347,20261225,1
476347,20261226,1
476340,20260421,2
476340,20270101,2
476340,20260311,2
476340,20260501,2
476340,20260624,2
476340,20260706,2
476340,20260815,2
476340,20261101,2
476340,20261102,2
476340,20261224,2
476340,20261225,2
476340,20261226,2
465797,20260421,1
465797,20270101,1
465797,20260311,1
465797,20260501,1
465797,20260624,1
465797,20260706,1
465797,20260815,1
465797,20261101,1
465797,20261102,1
465797,20261224,1
465797,20261225,1
465797,20261226,1
484835,20260421,2
484835,20270101,2
484835,20260311,2
484835,20260501,2
484835,20260624,2
484835,20260706,2
484835,20260815,2
484835,20261101,2
484835,20261102,2
484835,20261224,2
484835,20261225,2
484835,20261226,2
465799,20260421,1
465799,20270101,1
465799,20260311,1
465799,20260501,1
465799,20260624,1
465799,20260706,1
465799,20260815,1
465799,20261101,1
465799,20261102,1
465799,20261224,1
465799,20261225,1
465799,20261226,1
473789,20260421,2
473789,20270101,2
473789,20260311,2
473789,20260501,2
473789,20260624,2
473789,20260706,2
473789,20260815,2
473789,20261101,2
473789,20261102,2
473789,20261224,2
473789,20261225,2
473789,20261226,2
465801,20260421,1
465801,20270101,1
465801,20260311,1
465801,20260501,1
465801,20260624,1
465801,20260706,1
465801,20260815,1
465801,20261101,1
465801,20261102,1
465801,20261224,1
465801,20261225,1
465801,20261226,1
465802,20260421,2
465802,20270101,2
465802,20260311,2
465802,20260501,2
465802,20260624,2
465802,20260706,2
465802,20260815,2
465802,20261101,2
465802,20261102,2
465802,20261224,2
465802,20261225,2
465802,20261226,2
465803,20260421,1
465803,20270101,1
465803,20260311,1
465803,20260501,1
465803,20260624,1
465803,20260706,1
465803,20260815,1
465803,20261101,1
465803,20261102,1
465803,20261224,1
465803,20261225,1
465803,20261226,1
474658,20260421,2
474658,20270101,2
474658,20260311,2
474658,20260501,2
474658,20260624,2
474658,20260706,2
474658,20260815,2
474658,20261101,2
474658,20261102,2
474658,20261224,2
474658,20261225,2
474658,20261226,2
472728,20260421,1
472728,20270101,1
472728,20260311,1
472728,20260501,1
472728,20260624,1
472728,20260706,1
472728,20260815,1
472728,20261101,1
472728,20261102,1
472728,20261224,1
472728,20261225,1
472728,20261226,1
470794,20260421,2
470794,20270101,2
470794,20260311,2
470794,20260501,2
470794,20260624,2
470794,20260706,2
470794,20260815,2
470794,20261101,2
470794,20261102,2
470794,20261224,2
470794,20261225,2
470794,20261226,2
465807,20260421,1
465807,20270101,1
465807,20260311,1
465807,20260501,1
465807,20260624,1
465807,20260706,1
465807,20260815,1
465807,20261101,1
465807,20261102,1
465807,20261224,1
465807,20261225,1
465807,20261226,1
465808,20260421,2
465808,20270101,2
465808,20260311,2
465808,20260501,2
465808,20260624,2
465808,20260706,2
465808,20260815,2
465808,20261101,2
465808,20261102,2
465808,20261224,2
465808,20261225,2
465808,20261226,2
465809,20260421,1
465809,20270101,1
465809,20260311,1
465809,20260501,1
465809,20260624,1
465809,20260706,1
465809,20260815,1
465809,20261101,1
465809,20261102,1
465809,20261224,1
465809,20261225,1
465809,20261226,1
465810,20260421,2
465810,20270101,2
465810,20260311,2
465810,20260501,2
465810,20260624,2
465810,20260706,2
465810,20260815,2
465810,20261101,2
465810,20261102,2
465810,20261224,2
465810,20261225,2
465810,20261226,2
465964,20260421,1
465964,20270101,1
465964,20260311,1
465964,20260501,1
465964,20260624,1
465964,20260706,1
465964,20260815,1
465964,20261101,1
465964,20261102,1
465964,20261224,1
465964,20261225,1
465964,20261226,1
477148,20260421,2
477148,20270101,2
477148,20260311,2
477148,20260501,2
477148,20260624,2
477148,20260706,2
477148,20260815,2
477148,20261101,2
477148,20261102,2
477148,20261224,2
477148,20261225,2
477148,20261226,2
477149,20260421,1
477149,20270101,1
477149,20260311,1
477149,20260501,1
477149,20260624,1
477149,20260706,1
477149,20260815,1
477149,20261101,1
477149,20261102,1
477149,20261224,1
477149,20261225,1
477149,20261226,1
465814,20260421,2
465814,20270101,2
465814,20260311,2
465814,20260501,2
465814,20260624,2
465814,20260706,2
465814,20260815,2
465814,20261101,2
465814,20261102,2
465814,20261224,2
465814,20261225,2
465814,20261226,2
465815,20260421,1
465815,20270101,1
465815,20260311,1
465815,20260501,1
465815,20260624,1
465815,20260706,1
465815,20260815,1
465815,20261101,1
465815,20261102,1
465815,20261224,1
465815,20261225,1
465815,20261226,1
471593,20260421,2
471593,20270101,2
471593,20260311,2
471593,20260501,2
471593,20260624,2
471593,20260706,2
471593,20260815,2
471593,20261101,2
471593,20261102,2
471593,20261224,2
471593,20261225,2
471593,20261226,2
465965,20260421,1
465965,20270101,1
465965,20260311,1
465965,20260501,1
465965,20260624,1
465965,20260706,1
465965,20260815,1
465965,20261101,1
465965,20261102,1
465965,20261224,1
465965,20261225,1
465965,20261226,1
477156,20260421,1
477156,20270101,1
477156,20260311,1
477156,20260501,1
477156,20260624,1
477156,20260706,1
477156,20260815,1
477156,20261101,1
477156,20261102,1
477156,20261224,1
477156,20261225,1
477156,20261226,1
465825,20260421,2
465825,20270101,2
465825,20260311,2
465825,20260501,2
465825,20260624,2
465825,20260706,2
465825,20260815,2
465825,20261101,2
465825,20261102,2
465825,20261224,2
465825,20261225,2
465825,20261226,2
477718,20260421,2
477718,20270101,2
477718,20260311,2
477718,20260501,2
477718,20260624,2
477718,20260706,2
477718,20260815,2
477718,20261101,2
477718,20261102,2
477718,20261224,2
477718,20261225,2
477718,20261226,2
477721,20260421,1
477721,20270101,1
477721,20260311,1
477721,20260501,1
477721,20260624,1
477721,20260706,1
477721,20260815,1
477721,20261101,1
477721,20261102,1
477721,20261224,1
477721,20261225,1
477721,20261226,1
465829,20260421,2
465829,20270101,2
465829,20260311,2
465829,20260501,2
465829,20260624,2
465829,20260706,2
465829,20260815,2
465829,20261101,2
465829,20261102,2
465829,20261224,2
465829,20261225,2
465829,20261226,2
477157,20260421,1
477157,20270101,1
477157,20260311,1
477157,20260501,1
477157,20260624,1
477157,20260706,1
477157,20260815,1
477157,20261101,1
477157,20261102,1
477157,20261224,1
477157,20261225,1
477157,20261226,1
465831,20260421,2
465831,20270101,2
465831,20260311,2
465831,20260501,2
465831,20260624,2
465831,20260706,2
465831,20260815,2
465831,20261101,2
465831,20261102,2
465831,20261224,2
465831,20261225,2
465831,20261226,2
469129,20260421,1
469129,20270101,1
469129,20260311,1
469129,20260501,1
469129,20260624,1
469129,20260706,1
469129,20260815,1
469129,20261101,1
469129,20261102,1
469129,20261224,1
469129,20261225,1
469129,20261226,1
465847,20260421,2
465847,20270101,2
465847,20260311,2
465847,20260501,2
465847,20260624,2
465847,20260706,2
465847,20260815,2
465847,20261101,2
465847,20261102,2
465847,20261224,2
465847,20261225,2
465847,20261226,2
477152,20260421,2
477152,20270101,2
477152,20260311,2
477152,20260501,2
477152,20260624,2
477152,20260706,2
477152,20260815,2
477152,20261101,2
477152,20261102,2
477152,20261224,2
477152,20261225,2
477152,20261226,2
477153,20260421,1
477153,20270101,1
477153,20260311,1
477153,20260501,1
477153,20260624,1
477153,20260706,1
477153,20260815,1
477153,20261101,1
477153,20261102,1
477153,20261224,1
477153,20261225,1
477153,20261226,1
477719,20260421,2
477719,20270101,2
477719,20260311,2
477719,20260501,2
477719,20260624,2
477719,20260706,2
477719,20260815,2
477719,20261101,2
477719,20261102,2
477719,20261224,2
477719,20261225,2
477719,20261226,2
477958,20260421,1
477958,20270101,1
477958,20260311,1
477958,20260501,1
477958,20260624,1
477958,20260706,1
477958,20260815,1
477958,20261101,1
477958,20261102,1
477958,20261224,1
477958,20261225,1
477958,20261226,1
477159,20260421,1
477159,20270101,1
477159,20260311,1
477159,20260501,1
477159,20260624,1
477159,20260706,1
477159,20260815,1
477159,20261101,1
477159,20261102,1
477159,20261224,1
477159,20261225,1
477159,20261226,1
465837,20260421,2
465837,20270101,2
465837,20260311,2
465837,20260501,2
465837,20260624,2
465837,20260706,2
465837,20260815,2
465837,20261101,2
465837,20261102,2
465837,20261224,2
465837,20261225,2
465837,20261226,2
483179,20260421,2
483179,20270101,2
483179,20260311,2
483179,20260501,2
483179,20260624,2
483179,20260706,2
483179,20260815,2
483179,20261101,2
483179,20261102,2
483179,20261224,2
483179,20261225,2
483179,20261226,2
477155,20260421,1
477155,20270101,1
477155,20260311,1
477155,20260501,1
477155,20260624,1
477155,20260706,1
477155,20260815,1
477155,20261101,1
477155,20261102,1
477155,20261224,1
477155,20261225,1
477155,20261226,1
468474,20260421,2
468474,20270101,2
468474,20260311,2
468474,20260501,2
468474,20260624,2
468474,20260706,2
468474,20260815,2
468474,20261101,2
468474,20261102,2
468474,20261224,2
468474,20261225,2
468474,20261226,2
467455,20260421,1
467455,20270101,1
467455,20260311,1
467455,20260501,1
467455,20260624,1
467455,20260706,1
467455,20260815,1
467455,20261101,1
467455,20261102,1
467455,20261224,1
467455,20261225,1
467455,20261226,1
468245,20260421,2
468245,20270101,2
468245,20260311,2
468245,20260501,2
468245,20260624,2
468245,20260706,2
468245,20260815,2
468245,20261101,2
468245,20261102,2
468245,20261224,2
468245,20261225,2
468245,20261226,2
477834,20260421,2
477834,20270101,2
477834,20260311,2
477834,20260501,2
477834,20260624,2
477834,20260706,2
477834,20260815,2
477834,20261101,2
477834,20261102,2
477834,20261224,2
477834,20261225,2
477834,20261226,2
477835,20260421,1
477835,20270101,1
477835,20260311,1
477835,20260501,1
477835,20260624,1
477835,20260706,1
477835,20260815,1
477835,20261101,1
477835,20261102,1
477835,20261224,1
477835,20261225,1
477835,20261226,1
468476,20260421,2
468476,20270101,2
468476,20260311,2
468476,20260501,2
468476,20260624,2
468476,20260706,2
468476,20260815,2
468476,20261101,2
468476,20261102,2
468476,20261224,2
468476,20261225,2
468476,20261226,2
465846,20260421,1
465846,20270101,1
465846,20260311,1
465846,20260501,1
465846,20260624,1
465846,20260706,1
465846,20260815,1
465846,20261101,1
465846,20261102,1
465846,20261224,1
465846,20261225,1
465846,20261226,1
477959,20260421,1
477959,20270101,1
477959,20260311,1
477959,20260501,1
477959,20260624,1
477959,20260706,1
477959,20260815,1
477959,20261101,1
477959,20261102,1
477959,20261224,1
477959,20261225,1
477959,20261226,1
465849,20260421,2
465849,20270101,2
465849,20260311,2
465849,20260501,2
465849,20260624,2
465849,20260706,2
465849,20260815,2
465849,20261101,2
465849,20261102,2
465849,20261224,2
465849,20261225,2
465849,20261226,2
465850,20260421,1
465850,20270101,1
465850,20260311,1
465850,20260501,1
465850,20260624,1
465850,20260706,1
465850,20260815,1
465850,20261101,1
465850,20261102,1
465850,20261224,1
465850,20261225,1
465850,20261226,1
465851,20260421,2
465851,20270101,2
465851,20260311,2
465851,20260501,2
465851,20260624,2
465851,20260706,2
465851,20260815,2
465851,20261101,2
465851,20261102,2
465851,20261224,2
465851,20261225,2
465851,20261226,2
465852,20260421,1
465852,20270101,1
465852,20260311,1
465852,20260501,1
465852,20260624,1
465852,20260706,1
465852,20260815,1
465852,20261101,1
465852,20261102,1
465852,20261224,1
465852,20261225,1
465852,20261226,1
465853,20260421,2
465853,20270101,2
465853,20260311,2
465853,20260501,2
465853,20260624,2
465853,20260706,2
465853,20260815,2
465853,20261101,2
465853,20261102,2
465853,20261224,2
465853,20261225,2
465853,20261226,2